###MJD          m      dm   uJy   duJy F err chi/N     RA       Dec        x        y     maj  min   phi  apfit mag5sig Sky   Obs
59602.515744  22.839  7.077     3   19 o  0   1.19 190.74695  48.37041  1158.26  2004.41 2.93 2.76 -47.3 -0.525 18.99 20.10 01a59602o0697o
59602.521338 -24.880 45.500    -0   18 o  0   1.15 190.74695  48.37041  1138.12  1965.96 2.92 2.77 -50.1 -0.525 19.02 20.13 01a59602o0709o
59602.547125 -21.598  2.196    -8   18 o  0   1.20 190.74695  48.37041  1206.25  2041.92 2.70 2.68  24.4 -0.524 19.04 20.17 01a59602o0764o
59602.550820  20.461  0.846    24   20 o  0   0.75 190.74695  48.37041  1228.27  1920.40 2.82 2.71 -52.2 -0.528 19.04 20.17 01a59602o0772o
59604.592853 -23.432  6.500    -2   10 o  0   1.29 190.74695  48.37041  1182.59  3000.49 2.07 2.05  67.8 -0.452 19.42 20.61 02a59604o0842o
59604.594682  21.340  1.155    11   12 o  0   0.84 190.74695  48.37041  1200.82  3039.78 2.10 2.01  42.2 -0.456 19.46 20.62 02a59604o0846o
59604.597424  20.984  0.824    15   12 o  0   0.99 190.74695  48.37041  1143.53  2959.91 2.07 2.02  30.7 -0.450 19.45 20.61 02a59604o0852o
59604.602479 -23.077  6.611    -2   14 o  0   1.01 190.74695  48.37041  1125.83  3076.38 2.18 2.13 -66.3 -0.441 19.42 20.57 02a59604o0863o
59605.579685  20.065  0.328    34   11 o  0   1.22 190.74695  48.37041  1179.02  3001.82 2.14 2.02  40.5 -0.457 19.42 20.66 02a59605o0815o
59605.586829  21.633  1.353     8   11 o  0   1.08 190.74695  48.37041  1191.83  3038.27 2.38 1.96  35.4 -0.442 19.38 20.65 02a59605o0830o
59605.589617 -20.162  0.361   -31   11 o  0   0.93 190.74695  48.37041  1143.16  2958.47 2.04 1.97  42.6 -0.458 19.46 20.64 02a59605o0836o
59605.595101  20.972  0.684    15   10 o  0   1.51 190.74695  48.37041  1122.41  3075.50 2.07 2.04  50.6 -0.454 19.47 20.63 02a59605o0848o
59608.507512 -22.783  3.609    -3   10 o  0   1.13 190.74695  48.37041  1168.64  3004.76 2.21 2.13 -58.5 -0.450 19.54 21.06 02a59608o0674o
59608.512860  22.097  2.261     5   12 o  0   0.84 190.74695  48.37041  1181.71  3042.99 2.13 2.09 -62.9 -0.447 19.58 21.04 02a59608o0684o
59608.516075  24.345 14.167     1    9 o  0   1.06 190.74695  48.37041  1125.44  2963.27 2.09 2.01 -61.0 -0.461 19.60 21.04 02a59608o0691o
59608.526762  20.608  0.452    21    9 o  0   1.24 190.74695  48.37041  1108.73  3079.27 2.04 1.97 -59.6 -0.454 19.62 21.02 02a59608o0714o
59609.577404 -21.163  0.935   -12   12 o  0   1.15 190.74695  48.37041  5700.70  7654.60 2.98 2.88 -48.5 -0.448 19.43 21.18 01a59609o0820o
59609.579258 -20.380  0.434   -26   11 o  0   1.34 190.74695  48.37041  5682.07  7615.89 2.96 2.86 -46.0 -0.450 19.45 21.17 01a59609o0824o
59609.582022 -20.999  0.841   -14   12 o  0   1.02 190.74695  48.37041  5741.01  7692.15 3.06 2.96 -46.9 -0.444 19.37 21.18 01a59609o0830o
59609.592630 -22.757  4.071    -3   12 o  0   0.95 190.74695  48.37041  5763.34  7572.06 3.08 2.90  50.9 -0.421 19.43 21.21 01a59609o0853o
59613.517703  20.538  0.520    22   12 o  0   0.96 190.74695  48.37041  5685.13  7664.67 2.75 2.64 -60.1 -0.471 19.51 21.33 01a59613o0683o
59613.521414  21.390  1.185    10   12 o  0   0.98 190.74695  48.37041  5665.87  7624.05 2.84 2.77 -64.0 -0.455 19.48 21.33 01a59613o0691o
59613.525572  20.806  0.611    17   11 o  0   1.24 190.74695  48.37041  5726.49  7697.29 3.00 2.78  61.8 -0.431 19.47 21.33 01a59613o0700o
59613.530634  21.800  1.486     7   10 o  0   0.92 190.74695  48.37041  5745.47  7579.89 2.94 2.74  54.3 -0.433 19.51 21.35 01a59613o0711o
59615.501991 -21.488  1.049    -9   10 c  0   0.96 190.74695  48.37041  3792.99  5115.53 2.77 2.33  40.7 -0.394 19.61 21.43 02a59615o0653c
59615.506569 -23.164  4.400    -2    9 c  0   1.21 190.74695  48.37041  3817.25  5154.28 2.41 2.27  48.1 -0.411 19.62 21.44 02a59615o0663c
59615.511772  21.929  1.500     6    9 c  0   0.95 190.74695  48.37041  3755.17  5075.72 2.68 2.32  41.3 -0.396 19.59 21.46 02a59615o0674c
59615.518639 -20.388  0.392   -25   10 c  0   0.84 190.74695  48.37041  3739.36  5190.93 2.55 2.34  45.4 -0.401 19.60 21.49 02a59615o0689c
59617.530188  20.725  0.815    19   15 o  0   1.09 190.74695  48.37041  2084.94  3612.21 3.05 2.82 -45.0 -0.465 19.11 20.48 01a59617o0539o
59617.532957 -22.484  3.944    -4   14 o  0   1.56 190.74695  48.37041  2065.38  3572.93 3.08 2.82 -45.5 -0.464 19.12 20.48 01a59617o0545o
59617.537580  21.576  1.829     8   16 o  0   1.05 190.74695  48.37041  2128.00  3646.26 3.11 2.90 -45.9 -0.444 19.12 20.48 01a59617o0555o
59617.542649 -20.809  1.000   -17   17 o  0   1.08 190.74695  48.37041  2148.08  3528.01 3.39 3.21 -33.5 -0.423 19.01 20.49 01a59617o0566o
59619.601466 -21.199  0.845   -12   10 c  0   0.85 190.74695  48.37041  5871.06  9811.75 2.51 2.42  39.8 -0.413 19.68 21.66 02a59619o0839c
59619.604666 -21.128  0.798   -13   10 c  0   0.70 190.74695  48.37041  5851.80  9771.99 2.54 2.40  39.1 -0.409 19.62 21.65 02a59619o0846c
59619.632001  21.079  0.774    13   10 c  0   0.87 190.74695  48.37041  5901.55  9849.58 2.60 2.38  39.1 -0.410 19.62 21.61 02a59619o0905c
59619.660564 -23.229  6.417    -2   12 c  0   0.90 190.74695  48.37041  5916.68  9735.24 2.72 2.44  41.9 -0.393 19.56 21.36 02a59619o0966c
59621.484415 -20.712  0.881   -19   17 o  0   0.93 190.74695  48.37041  2056.70  3613.49 2.82 2.73 -38.6 -0.482 19.10 20.28 01a59621o0590o
59621.487684 -22.816  6.267    -3   17 o  0   0.83 190.74695  48.37041  2035.97  3575.04 2.74 2.71 -40.5 -0.482 19.11 20.29 01a59621o0597o
59621.490447  20.943  1.119    15   17 o  0   0.87 190.74695  48.37041  2097.46  3649.02 2.78 2.70 -54.1 -0.479 19.14 20.29 01a59621o0603o
59621.495514 -21.906  2.676    -6   17 o  0   0.81 190.74695  48.37041  2113.82  3533.81 2.83 2.70 -41.7 -0.483 19.14 20.32 01a59621o0614o
59621.561916 -20.843  0.456   -17    8 c  0   1.72 190.74695  48.37041  4714.06   761.67 2.44 2.25 -69.7 -0.437 19.75 21.76 02a59621o0728c
59621.565115   0.000 21.615    -0    8 c  0   1.37 190.74695  48.37041  4734.11   799.94 2.46 2.25 -72.0 -0.432 19.76 21.81 02a59621o0735c
59621.570608  22.290  1.576     4    7 c  0   1.60 190.74695  48.37041  4679.55   722.51 2.46 2.24 -73.5 -0.440 19.75 21.84 02a59621o0747c
59621.605841  21.123  0.835    13   11 c  0   0.80 190.74695  48.37041  5926.46  9727.39 2.47 2.40 -54.4 -0.420 19.80 21.84 02a59621o0823c
59622.432336  21.270  1.653    11   19 o  0   0.66 190.74695  48.37041  4688.61   756.61 1.94 1.78 -60.6 -0.493 19.23 19.89 02a59622o0475o
59622.435130  21.570  1.778     9   15 o  0   1.10 190.74695  48.37041  4704.74   795.32 1.95 1.76 -55.9 -0.483 19.25 19.91 02a59622o0481o
59622.437918  20.673  0.830    20   16 o  0   1.00 190.74695  48.37041  4650.32   717.40 2.00 1.87 -63.2 -0.477 19.20 19.91 02a59622o0487o
59622.455825 -22.484  3.421    -4   13 o  0   1.43 190.74695  48.37041  4633.50   834.63 1.98 1.83 -63.6 -0.472 19.27 19.98 02a59622o0524o
59623.458285  20.355  0.811    26   21 o  0   1.18 190.74695  48.37041  2055.42  3615.58 3.07 2.80 -46.2 -0.468 18.82 19.74 01a59623o0548o
59623.467063  20.250  0.801    29   23 o  0   0.86 190.74695  48.37041  2035.43  3577.37 3.06 2.80 -44.3 -0.463 18.80 19.79 01a59623o0567o
59623.478585  22.779  7.615     3   21 o  0   1.24 190.74695  48.37041  2097.17  3652.54 3.15 2.89 -44.5 -0.454 18.84 19.85 01a59623o0592o
59623.479845  20.869  0.935    16   15 o  0   1.04 190.74695  48.37041  4694.13   759.19 2.16 1.88 -54.1 -0.458 19.14 19.77 02a59623o0597o
59623.481351 -22.330  4.619    -4   20 o  0   1.21 190.74695  48.37041  2115.04  3534.83 3.04 2.79 -46.9 -0.466 18.85 19.88 01a59623o0598o
59623.483975  21.391  1.812    10   18 o  0   0.95 190.74695  48.37041  4713.11   798.51 2.11 1.88 -55.7 -0.459 19.13 19.78 02a59623o0606o
59623.486718  20.672  0.881    20   17 o  0   0.91 190.74695  48.37041  4657.37   719.98 2.08 1.86 -55.3 -0.461 19.12 19.79 02a59623o0612o
59623.495433  22.364  3.538     4   15 o  0   1.55 190.74695  48.37041  4638.18   838.97 2.09 1.95  68.0 -0.450 19.11 19.83 02a59623o0631o
59624.517225 -21.588  2.761    -8   23 o  0   1.34 190.74695  48.37041  1888.70  7500.17 2.97 2.54 -46.6 -0.488 18.85 19.72 01a59624o0674o
59624.520494 -22.249  4.792    -5   22 o  0   1.46 190.74695  48.37041  1869.01  7461.54 3.08 2.61 -46.4 -0.476 18.80 19.71 01a59624o0681o
59624.523718  20.047  0.690    35   24 o  0   1.19 190.74695  48.37041  1927.89  7536.12 2.99 2.60 -45.4 -0.479 18.78 19.72 01a59624o0688o
59624.528811  21.379  2.370    10   24 o  0   0.92 190.74695  48.37041  1945.04  7417.33 3.01 2.61 -43.6 -0.481 18.82 19.73 01a59624o0699o
59625.426139  21.054  1.813    14   25 o  0   1.48 190.74695  48.37041  4692.99   758.49 2.28 2.06 -58.9 -0.446 18.60 18.88 02a59625o0388o
59625.430132  20.427  1.098    24   27 o  0   0.91 190.74695  48.37041  4709.63   799.61 2.29 2.12 -58.6 -0.447 18.54 18.91 02a59625o0395o
59625.433096 -20.652  1.241   -20   25 o  0   1.43 190.74695  48.37041  4654.19   720.65 2.22 1.99 -59.7 -0.466 18.63 18.93 02a59625o0400o
59625.445478  22.177  4.617     5   23 o  0   1.65 190.74695  48.37041  4635.03   836.28 2.05 1.91 -60.1 -0.465 18.75 18.98 02a59625o0427o
59625.564418 -21.631  3.333    -8   27 o  0   1.28 190.74695  48.37041  8629.01  3053.18 3.16 2.66 -63.8 -0.515 18.59 19.41 01a59625o0407o
59625.567657  20.753  1.333    18   24 o  0   1.33 190.74695  48.37041  8651.14  3091.62 3.07 2.68 -62.0 -0.505 18.59 19.41 01a59625o0414o
59625.573212  21.524  2.592     9   23 o  0   1.44 190.74695  48.37041  8594.28  3017.75 2.84 2.61 -59.3 -0.507 18.66 19.42 01a59625o0426o
59625.608567  19.466  0.407    59   24 o  0   1.35 190.74695  48.37041  8587.66  3136.61 3.34 2.80 -62.0 -0.503 18.50 19.39 01a59625o0502o
59626.490096  19.273  0.711    71   50 o  0   1.03 190.74695  48.37041 10503.49  6842.81 2.29 2.16 -51.8 -0.455 18.58 18.78 02a59626o0592o
59626.491995  18.542 12.027   139 1673 o  0   0.00 190.74695  48.37041 10524.46  6881.57 2.31 2.13 -56.3 -0.465 18.62 18.80 02a59626o0596o
59626.492452 -20.104  0.691   -33   23 o  0   1.04 190.74695  48.37041   614.57  6860.01 1.98 1.85 -53.4 -0.432 18.62 18.82 02a59626o0597o
59626.494748 -21.305  2.127   -11   23 o  0   1.20 190.74695  48.37041   634.33  6899.91 2.04 1.83 -57.2 -0.458 18.60 18.84 02a59626o0602o
59626.495206 -20.590  1.370   -21   29 o  0   1.72 190.74695  48.37041 10464.65  6807.20 2.21 2.09 -59.1 -0.459 18.63 18.81 02a59626o0603o
59626.503093  20.440  1.074    24   26 o  0   1.08 190.74695  48.37041   570.10  6823.29 2.10 2.02 -67.3 -0.400 18.62 18.87 02a59626o0619o
59626.504921  20.313  1.039    27   28 o  0   1.24 190.74695  48.37041 10445.05  6925.44 2.39 2.17 -56.6 -0.443 18.60 18.83 02a59626o0623o
59626.510427 -20.846  1.429   -17   24 o  0   1.23 190.74695  48.37041   553.99  6935.29 2.16 1.96 -55.9 -0.426 18.62 18.88 02a59626o0635o
59627.511534 -20.023  1.095   -36   39 o  0   1.11 190.74695  48.37041 10505.37  6848.02 2.26 2.12 -57.2 -0.456 18.67 18.84 02a59627o0665o
59627.513817  16.544  1.821   876 1594 o  0   0.01 190.74695  48.37041 10526.58  6886.85 2.28 2.09 -55.9 -0.445 18.67 18.84 02a59627o0670o
59627.517015 -21.273  2.955   -11   33 o  0   1.45 190.74695  48.37041 10465.78  6812.17 2.21 2.16 -45.3 -0.486 18.67 18.85 02a59627o0677o
59627.522499 -20.263  1.043   -28   30 o  0   1.24 190.74695  48.37041 10447.37  6931.30 2.23 2.11 -57.0 -0.468 18.65 18.87 02a59627o0689o
59627.526156 -24.097 25.333    -1   21 o  0   1.74 190.74695  48.37041   617.06  6864.08 1.92 1.89 -38.5 -0.433 18.75 18.92 02a59627o0697o
59627.527983  21.908  3.303     6   21 o  0   1.48 190.74695  48.37041   636.59  6904.12 1.90 1.88 -18.3 -0.453 18.69 18.92 02a59627o0701o
59627.531183  19.633  0.396    51   20 o  0   1.50 190.74695  48.37041   577.67  6823.62 1.96 1.93 -58.3 -0.421 18.63 18.93 02a59627o0708o
59627.546139  20.098  0.772    33   26 o  0   1.08 190.74695  48.37041   558.50  6938.57 2.03 1.98 -14.6 -0.425 18.70 18.95 02a59627o0740o
59627.551186 -20.341  1.301   -26   34 o  0   1.21 190.74695  48.37041  8623.04  3050.76 3.02 2.72 -63.8 -0.493 18.31 18.93 01a59627o0599o
59627.566803 -20.843  2.105   -17   35 o  0   1.19 190.74695  48.37041  8647.62  3088.59 2.98 2.65 -60.1 -0.501 18.34 18.94 01a59627o0631o
59627.580970  21.301  3.082    11   34 o  0   1.17 190.74695  48.37041  8594.43  3015.00 2.79 2.73  19.9 -0.466 18.41 18.96 01a59627o0659o
59627.604730  20.249  1.101    29   32 o  0   1.29 190.74695  48.37041  8586.11  3135.71 3.13 2.76 -61.7 -0.486 18.31 19.05 01a59627o0709o
59629.465027 -22.106  7.690    -5   40 o  0   1.02 190.74695  48.37041  1889.21  7506.81 2.88 2.62 -47.3 -0.478 18.62 19.31 01a59629o0464o
59629.468250  20.409  1.493    25   37 o  0   1.10 190.74695  48.37041  1869.75  7465.52 2.86 2.74 -84.0 -0.447 18.56 19.32 01a59629o0471o
59629.474673 -25.743 162.000    -0   30 o  0   1.50 190.74695  48.37041  1928.13  7539.67 2.90 2.66 -49.4 -0.468 18.61 19.33 01a59629o0485o
59629.483365 -19.121  0.402   -82   33 o  0   0.96 190.74695  48.37041  1946.38  7421.40 2.88 2.68 -58.2 -0.458 18.60 19.34 01a59629o0504o
59631.459154 -20.658  0.665   -20   13 o  0   1.07 190.74695  48.37041   605.55  6859.15 2.27 1.90  33.1 -0.408 19.16 19.96 02a59631o0551o
59631.466496  19.976  0.348    37   13 o  0   1.78 190.74695  48.37041   634.28  6901.33 1.92 1.89  51.0 -0.452 19.23 19.99 02a59631o0567o
59631.472083  21.267  1.347    11   15 o  0   1.08 190.74695  48.37041   574.14  6819.92 1.94 1.89  43.7 -0.440 19.25 20.02 02a59631o0579o
59631.480843  21.562  1.242     9   11 o  0   1.85 190.74695  48.37041   553.48  6936.30 1.92 1.90 -33.3 -0.452 19.30 20.06 02a59631o0598o
59631.500517 -21.361  2.536   -10   26 o  0   1.06 190.74695  48.37041 10506.63  6848.70 2.22 2.17  52.3 -0.454 19.29 20.12 02a59631o0640o
59631.504718 -20.937 17.410   -15  267 o  0   0.01 190.74695  48.37041 10525.36  6887.13 2.22 2.20 -30.8 -0.449 19.29 20.12 02a59631o0649o
59631.510222 -22.155  2.675    -5   13 o  0   1.78 190.74695  48.37041 10466.98  6811.65 2.38 2.09  35.7 -0.453 19.22 20.10 02a59631o0661o
59631.515730 -20.963  0.916   -15   14 o  0   1.08 190.74695  48.37041 10447.16  6929.77 2.28 2.14  33.9 -0.458 19.29 20.12 02a59631o0673o
59632.509293  20.955  1.041    15   16 o  0   1.00 190.74695  48.37041  7965.01  3687.23 3.02 2.89 -56.6 -0.459 19.17 20.53 01a59632o0659o
59632.516721  20.505  0.690    23   16 o  0   1.37 190.74695  48.37041  7944.06  3647.34 2.93 2.78 -59.6 -0.466 19.16 20.50 01a59632o0675o
59632.518547 -20.756  0.783   -18   14 o  0   1.10 190.74695  48.37041  8003.80  3724.74 2.93 2.82 -57.2 -0.468 19.21 20.57 01a59632o0679o
59632.538480 -23.407  9.250    -2   15 o  0   1.16 190.74695  48.37041  8019.65  3604.85 2.96 2.82 -67.7 -0.462 19.21 20.54 01a59632o0721o
59633.517829  21.178  1.226    12   15 o  0   0.91 190.74695  48.37041  7965.43  3680.64 2.91 2.89 -60.0 -0.449 19.21 20.64 01a59633o0686o
59633.521051 -21.776  2.194    -7   16 o  0   0.81 190.74695  48.37041  7944.68  3640.30 2.92 2.88  47.6 -0.448 19.22 20.63 01a59633o0693o
59633.526531  22.238  3.417     5   16 o  0   0.71 190.74695  48.37041  8004.39  3718.38 2.91 2.78 -55.2 -0.462 19.27 20.62 01a59633o0705o
59633.532001 -21.024  0.867   -14   12 o  0   1.64 190.74695  48.37041  8021.59  3600.21 2.85 2.76 -55.3 -0.465 19.26 20.64 01a59633o0717o
59635.567508  23.389  6.647     2   11 o  0   0.95 190.74695  48.37041  5222.57  1659.35 2.02 1.80  37.8 -0.451 19.60 20.76 02a59635o0780o
59635.570710 -26.452 106.000    -0   10 o  0   0.98 190.74695  48.37041  5202.48  1619.42 2.01 1.81  36.7 -0.453 19.56 20.74 02a59635o0787o
59635.578501 -24.519 16.667    -1    9 o  0   1.07 190.74695  48.37041  5262.79  1696.01 1.98 1.81  37.5 -0.455 19.60 20.77 02a59635o0804o
59635.613466  20.765  0.520    18    9 o  0   1.43 190.74695  48.37041  5279.11  1576.60 1.96 1.78  38.3 -0.453 19.52 20.56 02a59635o0880o
59637.470851  22.622  3.706     3   12 o  0   1.04 190.74695  48.37041  7972.07  3682.46 2.85 2.81 -84.8 -0.457 19.44 21.17 01a59637o0577o
59637.473647  22.235  2.714     5   13 o  0   1.10 190.74695  48.37041  7953.06  3643.80 3.15 3.04 -64.0 -0.429 19.37 21.15 01a59637o0583o
59637.478732  20.695  0.691    19   13 o  0   0.89 190.74695  48.37041  8013.02  3719.99 3.24 3.17 -82.8 -0.424 19.28 21.14 01a59637o0594o
59637.488859  20.687  0.587    19   11 o  0   1.31 190.74695  48.37041  8030.55  3601.87 3.07 2.96  46.3 -0.424 19.35 21.12 01a59637o0615o
59639.426052 -20.863  0.547   -16    9 c  0   1.22 190.74695  48.37041  5351.12  8910.24 2.71 2.43  40.6 -0.398 19.72 21.70 02a59639o0472c
59639.441980  22.847  3.765     3   10 c  0   0.91 190.74695  48.37041  5382.53  8951.46 2.64 2.47  47.4 -0.404 19.71 21.76 02a59639o0506c
59639.445668 -22.190  2.065    -5   10 c  0   0.97 190.74695  48.37041  5321.85  8872.83 2.62 2.47  44.0 -0.407 19.71 21.77 02a59639o0514c
59639.451169 -20.976  0.779   -15   12 c  0   0.77 190.74695  48.37041  5301.60  8990.96 2.68 2.47  47.3 -0.400 19.71 21.78 02a59639o0526c
59640.575152  20.974  0.700    15   10 o  0   1.39 190.74695  48.37041  6390.80   635.99 2.80 2.68 -57.8 -0.500 19.55 21.44 01a59640o0760o
59640.578848 -22.169  2.111    -5   10 o  0   1.06 190.74695  48.37041  6411.83   674.81 2.79 2.65 -49.5 -0.506 19.57 21.43 01a59640o0768o
59640.612715 -21.386  1.019   -10   10 o  0   1.15 190.74695  48.37041  6367.93   603.73 2.83 2.68 -52.8 -0.499 19.50 21.39 01a59640o0841o
59640.641393  23.700  8.833     1   11 o  0   1.44 190.74695  48.37041  6364.88   727.57 2.91 2.80 -58.5 -0.484 19.42 21.21 01a59640o0902o
59641.518099 -23.023  5.500    -2   12 o  0   0.72 190.74695  48.37041  6376.56   634.84 2.81 2.69 -49.5 -0.505 19.46 21.15 01a59641o0584o
59641.521297 -24.553 20.667    -0   11 o  0   1.22 190.74695  48.37041  6396.71   673.34 2.78 2.67 -52.3 -0.503 19.50 21.17 01a59641o0591o
59641.526789  21.581  1.217     8   10 o  0   1.54 190.74695  48.37041  6340.98   597.79 2.80 2.74 -58.7 -0.483 19.46 21.15 01a59641o0603o
59641.538688 -21.852  1.784    -7   12 o  0   1.03 190.74695  48.37041  6330.79   716.92 2.76 2.65 -41.6 -0.498 19.49 21.14 01a59641o0629o
59643.459568  21.325  1.036    11   11 o  0   1.19 190.74695  48.37041  4111.75  9939.35 2.91 2.75 -46.7 -0.466 19.49 21.33 01a59643o0546o
59643.461391 -21.119  0.884   -13   12 o  0   0.96 190.74695  48.37041  4092.94  9899.96 2.84 2.74 -39.1 -0.470 19.50 21.34 01a59643o0550o
59643.467341 -22.912  4.308    -2   11 o  0   0.96 190.74695  48.37041  4150.46  9976.13 2.88 2.78 -57.7 -0.466 19.49 21.35 01a59643o0563o
59643.489641  21.017  0.772    14   11 o  0   1.04 190.74695  48.37041  4168.62  9855.47 2.79 2.69 -51.0 -0.473 19.54 21.31 01a59643o0609o
59643.518288  20.443  0.657    24   16 c  0   0.58 190.74695  48.37041  7238.47  1576.11 2.33 2.18 -65.5 -0.437 19.24 21.80 02a59643o0624c
59643.521273 -22.749  4.083    -3   12 c  0   1.27 190.74695  48.37041  7218.93  1539.62 2.33 2.21 -66.0 -0.436 19.24 21.80 02a59643o0630c
59643.526809 -22.341  2.778    -4   12 c  0   1.33 190.74695  48.37041  7278.52  1617.50 2.30 2.18 -69.8 -0.434 19.25 21.79 02a59643o0641c
59643.537427  20.691  0.817    19   16 c  0   0.69 190.74695  48.37041  7295.40  1498.68 2.36 2.22  83.8 -0.427 19.22 21.78 02a59643o0662c
59644.478086  22.091  2.161     5   11 o  0   1.13 190.74695  48.37041  4114.76  9936.47 2.70 2.57 -44.1 -0.485 19.52 21.17 01a59644o0579o
59644.479921 -22.079  2.226    -5   12 o  0   1.03 190.74695  48.37041  4096.08  9897.38 2.73 2.60 -50.7 -0.481 19.50 21.18 01a59644o0583o
59644.492889 -20.860  0.663   -16   11 o  0   0.94 190.74695  48.37041  4151.81  9971.75 2.72 2.62 -46.0 -0.481 19.52 21.16 01a59644o0609o
59644.498372  22.207  2.519     5   12 o  0   0.95 190.74695  48.37041  4168.72  9853.03 2.77 2.62 -47.4 -0.483 19.52 21.19 01a59644o0621o
59645.474045  20.965  0.792    15   12 o  0   1.00 190.74695  48.37041  4120.13  9935.04 2.83 2.76 -57.9 -0.468 19.46 21.23 01a59645o0575o
59645.475869  22.934  4.538     2   11 o  0   1.29 190.74695  48.37041  4101.04  9895.60 2.84 2.74 -44.3 -0.465 19.51 21.26 01a59645o0579o
59645.478611  22.050  1.645     6    9 o  0   1.18 190.74695  48.37041  4156.87  9972.28 2.76 2.67 -49.0 -0.473 19.51 21.30 01a59645o0585o
59645.486851 -23.944 12.000    -1   12 o  0   1.06 190.74695  48.37041  4172.34  9853.61 2.89 2.77 -50.9 -0.460 19.46 21.28 01a59645o0602o
59647.448753  22.541  3.882     4   14 o  0   1.15 190.74695  48.37041  4112.40  9939.02 3.05 2.80 -37.4 -0.460 19.32 21.00 01a59647o0457o
59647.450578  23.726 10.667     1   12 o  0   1.16 190.74695  48.37041  4093.40  9899.84 2.94 2.75 -41.5 -0.464 19.39 21.09 01a59647o0461o
59647.453348 -24.917 33.000    -0   13 o  0   1.19 190.74695  48.37041  4150.59  9975.87 2.96 2.76 -40.8 -0.459 19.42 21.11 01a59647o0467o
59647.458386  20.479  0.492    23   12 o  0   1.33 190.74695  48.37041  4167.62  9857.82 2.97 2.75 -39.9 -0.460 19.39 21.17 01a59647o0478o
59647.528588 -21.250  1.514   -12   17 c  0   0.94 190.74695  48.37041  7232.73  1575.18 2.44 2.33 -47.1 -0.437 18.99 21.76 02a59647o0466c
59647.532023  22.451  4.385     4   17 c  0   1.15 190.74695  48.37041  7211.95  1536.76 2.37 2.26 -53.7 -0.440 18.99 21.76 02a59647o0473c
59647.560264 -21.218  1.462   -12   17 c  0   1.07 190.74695  48.37041  7270.45  1614.41 2.41 2.30 -52.7 -0.438 18.99 21.78 02a59647o0529c
59647.588922 -20.245  0.538   -29   16 c  0   1.26 190.74695  48.37041  7289.06  1496.27 2.45 2.32 -28.3 -0.437 18.99 21.72 02a59647o0586c
59649.489893  20.193  0.490    30   15 o  0   1.06 190.74695  48.37041 10111.15   195.64 3.01 2.69 -58.7 -0.503 19.35 20.92 01a59649o0523o
59649.493086 -21.071  1.076   -14   15 o  0   1.18 190.74695  48.37041 10131.14   233.37 3.03 2.59 -61.6 -0.509 19.38 20.96 01a59649o0530o
59649.499028  21.649  1.854     8   15 o  0   1.18 190.74695  48.37041 10076.39   160.28 2.89 2.58 -57.4 -0.523 19.45 21.05 01a59649o0543o
59649.504058  21.408  1.651    10   16 o  0   0.75 190.74695  48.37041   772.34   484.52 2.97 2.80 -54.0 -0.580 19.50 21.14 01a59649o0554o
59649.507273  22.017  2.448     6   14 o  0   0.91 190.74695  48.37041   794.70   525.06 2.75 2.62 -63.4 -0.584 19.49 21.19 01a59649o0561o
59649.509565 -20.333  0.427   -27   11 o  0   1.56 190.74695  48.37041 10061.53   280.45 2.83 2.53 -56.0 -0.514 19.49 21.19 01a59649o0566o
59649.513229  21.591  1.333     8   11 o  0   1.31 190.74695  48.37041   735.21   444.92 2.64 2.57 -60.2 -0.586 19.52 21.26 01a59649o0574o
59649.523808  21.941  2.097     6   13 o  0   0.95 190.74695  48.37041   724.06   563.63 2.76 2.64 -56.8 -0.580 19.52 21.30 01a59649o0597o
59651.447896 -21.261  1.406   -11   16 o  0   1.31 190.74695  48.37041   376.74 10344.27 2.84 2.37 -48.2 -0.578 19.12 20.17 01a59651o0489o
59651.451118  20.782  1.101    18   20 o  0   1.06 190.74695  48.37041   357.61 10306.01 2.84 2.37 -45.1 -0.568 19.12 20.18 01a59651o0496o
59651.453861 -20.170  0.728   -31   23 o  0   0.63 190.74695  48.37041   414.87 10380.53 2.87 2.41 -44.3 -0.568 19.09 20.18 01a59651o0502o
59651.459392  21.410  2.222    10   22 o  0   0.65 190.74695  48.37041   433.16 10261.20 2.89 2.43 -46.9 -0.556 19.12 20.19 01a59651o0514o
59651.460304 -22.300  4.545    -4   20 o  0   0.81 190.74695  48.37041  9713.39 10139.25 3.02 2.94  72.2 -0.411 19.10 20.21 01a59651o0516o
59651.482072 -21.879  2.687    -6   17 o  0   1.00 190.74695  48.37041  9693.17 10094.44 3.04 2.92 -87.9 -0.414 19.15 20.26 01a59651o0561o
59651.484812  20.843  1.235    17   21 o  0   0.80 190.74695  48.37041  9752.02 10174.46 3.12 2.98  80.9 -0.405 19.08 20.27 01a59651o0567o
59651.490826 -20.982  1.254   -15   18 o  0   0.94 190.74695  48.37041  9767.60 10055.17 3.12 2.95  88.3 -0.413 19.12 20.25 01a59651o0580o
59653.422707  20.767  1.085    18   19 o  0   1.34 190.74695  48.37041  7671.95  4920.76 2.45 1.97  41.8 -0.427 18.85 19.26 02a59653o0464o
59653.424535 -21.477  2.280    -9   21 o  0   1.02 190.74695  48.37041  7690.15  4959.63 2.44 1.96  41.6 -0.437 18.83 19.27 02a59653o0468o
59653.427277 -21.185  2.155   -12   26 o  0   0.71 190.74695  48.37041  7632.84  4883.32 2.41 1.98  40.8 -0.428 18.82 19.26 02a59653o0474o
59653.432313  20.250  0.718    29   21 o  0   1.25 190.74695  48.37041  7613.92  5000.93 2.72 2.03  40.6 -0.413 18.84 19.36 02a59653o0485o
59653.455522 -20.394  0.961   -25   24 o  0   0.89 190.74695  48.37041  9724.10 10131.61 3.00 2.90 -78.0 -0.420 18.81 19.60 01a59653o0127o
59653.458811 -21.041  1.788   -14   25 o  0   0.97 190.74695  48.37041  9706.09 10091.66 3.11 2.97 -69.4 -0.412 18.75 19.61 01a59653o0134o
59653.461997 -19.813  0.530   -43   23 o  0   1.03 190.74695  48.37041  9764.24 10169.56 2.99 2.90  67.6 -0.422 18.83 19.62 01a59653o0141o
59653.467105  21.263  1.875    11   21 o  0   1.28 190.74695  48.37041  9779.82 10051.19 3.04 2.95  81.2 -0.418 18.81 19.63 01a59653o0152o
59653.490208  21.119  1.609    13   21 o  0   1.98 190.74695  48.37041 10122.79   191.99 3.01 2.67 -56.2 -0.509 18.75 19.57 01a59653o0202o
59653.518745  20.669  1.255    20   25 o  0   1.32 190.74695  48.37041 10150.11   232.28 3.02 2.72 -52.1 -0.495 18.69 19.56 01a59653o0263o
59653.547041  21.855  4.593     7   30 o  0   0.85 190.74695  48.37041 10102.45   161.49 3.39 2.98 -54.9 -0.527 18.58 19.54 01a59653o0324o
59653.558080  18.812  1.224   108  133 o  0   1.01 190.74695  48.37041 10089.84   282.80 3.23 2.84 -51.6 -0.510 16.67 17.00 01a59653o0347o
59654.364253 -18.180  3.274  -194  636 o  0   0.79 190.74695  48.37041  7668.58  4920.74 2.55 2.17  43.5 -0.467 15.18 14.92 02a59654o0328o
59654.367526  19.424  0.795    62   49 o  0   2.20 190.74695  48.37041  7687.53  4959.07 2.45 2.09  44.6 -0.435 17.64 17.63 02a59654o0335o
59654.370798 -20.335  1.799   -27   48 o  0   1.11 190.74695  48.37041  7629.57  4882.99 2.42 2.15  49.2 -0.439 17.82 17.80 02a59654o0342o
59654.379490  19.501  8.524    58  490 o  0   1.08 190.74695  48.37041  7608.05  4997.70 2.45 2.12  47.9 -0.464 15.56 15.25 02a59654o0361o
59655.418421  19.092  2.447    84  205 o  0   1.16 190.74695  48.37041   358.57 10306.21 4.45 3.98 -65.5 -0.406 16.46 16.93 01a59655o0408o
59655.419790 -20.089  4.916   -33  164 o  0   1.01 190.74695  48.37041  9709.43 10146.23 3.61 3.45  80.8 -0.370 16.65 16.91 01a59655o0411o
59655.420242 -17.843  0.755  -265  200 o  0   1.15 190.74695  48.37041   414.11 10380.19 3.93 3.45 -44.5 -0.478 16.23 16.63 01a59655o0412o
59655.421610 -18.606  1.728  -131  227 o  0   1.45 190.74695  48.37041  9690.12 10105.72 3.50 3.36  68.3 -0.403 16.11 16.35 01a59655o0415o
59655.430471 -20.537  2.607   -22   58 o  0   0.96 190.74695  48.37041  7676.46  4927.71 2.66 2.04  40.6 -0.411 17.77 17.66 02a59655o0388o
59655.432756 -18.817  0.505  -108   54 o  0   0.95 190.74695  48.37041  7695.84  4966.56 2.64 2.02  41.1 -0.406 17.63 17.51 02a59655o0393o
59655.435577  20.637  2.348    20   47 o  0   1.23 190.74695  48.37041  7636.17  4890.93 2.59 1.99  41.7 -0.406 17.89 17.75 02a59655o0399o
59655.438741 -18.766  1.072  -113  121 o  0   0.91 190.74695  48.37041   435.75 10260.54 3.71 3.15 -45.4 -0.418 17.06 17.66 01a59655o0450o
59655.440105 -19.519  0.871   -56   49 o  0   1.18 190.74695  48.37041  9753.00 10181.56 3.43 3.27  65.4 -0.369 17.52 18.17 01a59655o0453o
59655.441074 -19.646  1.571   -50   79 o  0   1.08 190.74695  48.37041  7618.25  5008.08 2.71 2.04  42.3 -0.418 17.44 17.26 02a59655o0411o
59655.449466 -21.460  6.871   -10   65 o  0   1.12 190.74695  48.37041  9772.17 10061.67 3.36 3.20  59.8 -0.381 17.25 17.89 01a59655o0473o
59656.508253  20.895 13.021    16  207 o  0   1.30 190.74695  48.37041  5636.53  4992.44 2.72 2.69 -25.9 -0.495 16.18 16.27 01a59656o0553o
59656.515900 -18.946  1.428   -96  137 o  0   1.34 190.74695  48.37041  5621.74  5109.26 2.79 2.69 -27.2 -0.493 16.71 16.73 01a59656o0569o
59657.428464  20.156  0.721    31   23 o  0   1.30 190.74695  48.37041  7680.17  4923.65 2.54 1.97  40.3 -0.426 18.69 19.04 02a59657o0473o
59657.430318 -20.568  1.126   -22   24 o  0   1.07 190.74695  48.37041  7700.01  4963.34 2.58 1.98  39.7 -0.419 18.70 19.04 02a59657o0477o
59657.433133 -20.876  1.444   -16   23 o  0   0.94 190.74695  48.37041  7642.97  4887.16 2.52 1.91  39.4 -0.422 18.77 19.04 02a59657o0483o
59657.439791 -23.239 12.333    -2   23 o  0   1.12 190.74695  48.37041  7624.93  5004.38 2.51 1.91  37.5 -0.431 18.75 19.04 02a59657o0497o
59657.475778 -21.423  2.482   -10   24 o  0   1.04 190.74695  48.37041  5669.87  5028.82 2.77 2.69  26.3 -0.464 18.57 19.22 01a59657o0583o
59657.478968  21.128  2.273    13   29 o  0   0.78 190.74695  48.37041  5692.51  5067.11 2.94 2.84  25.9 -0.451 18.53 19.21 01a59657o0590o
59657.484442  21.144  1.955    13   25 o  0   1.15 190.74695  48.37041  5633.61  4992.07 2.96 2.76  34.8 -0.436 18.51 19.20 01a59657o0602o
59657.495883 -20.075  0.669   -34   23 o  0   1.56 190.74695  48.37041  5621.45  5108.89 3.00 2.74  34.1 -0.428 18.57 19.20 01a59657o0627o
59658.489896  21.216  1.627    12   19 o  0   1.02 190.74695  48.37041  2157.74 10065.34 1.90 1.78 -42.4 -0.509 18.92 19.33 02a59658o0606o
59658.493552 -20.050  0.550   -35   19 o  0   1.15 190.74695  48.37041  2139.18 10026.81 1.92 1.79 -38.2 -0.523 18.90 19.32 02a59658o0614o
59658.499548  21.014  1.223    14   17 o  0   1.42 190.74695  48.37041  2193.68 10101.55 1.88 1.74 -45.2 -0.506 18.87 19.30 02a59658o0627o
59658.529061  20.858  1.341    16   22 o  0   0.74 190.74695  48.37041  2208.19  9979.08 1.88 1.74 -47.7 -0.543 18.87 19.27 02a59658o0690o
59659.482003  25.786 92.500     0   16 o  0   1.17 190.74695  48.37041  2150.24 10059.37 1.86 1.69 -47.7 -0.497 19.09 19.69 02a59659o0539o
59659.485705  20.415  0.635    25   16 o  0   1.21 190.74695  48.37041  2130.43 10020.98 1.89 1.78 -46.9 -0.496 19.11 19.69 02a59659o0547o
59659.493027  20.628  0.837    20   17 o  0   1.13 190.74695  48.37041  2184.64 10097.01 1.95 1.80 -50.5 -0.499 19.07 19.67 02a59659o0563o
59659.503166 -22.785  6.968    -3   20 o  0   0.89 190.74695  48.37041  2204.27  9981.16 1.83 1.68 -43.0 -0.535 19.06 19.60 02a59659o0585o
59661.484803 -20.914  0.839   -16   13 o  0   1.44 190.74695  48.37041  2157.75 10065.35 1.99 1.86 -49.6 -0.476 19.29 20.25 02a59661o0587o
59661.488295  24.906 30.250     0   12 o  0   0.93 190.74695  48.37041  2139.30 10027.01 1.98 1.80 -48.3 -0.480 19.36 20.33 02a59661o0594o
59661.493992  19.119  1.950    82  159 o  0   1.13 190.74695  48.37041  2194.24 10103.11 1.92 1.70 -48.8 -0.387 16.49 16.78 02a59661o0606o
59665.408700  21.888  1.750     6   11 c  0   1.24 190.74695  48.37041  8442.76   525.83 2.47 2.10 -64.9 -0.419 19.61 21.67 02a59665o0421c
59665.411001 -23.479  7.833    -2   12 c  0   1.11 190.74695  48.37041  8461.26   564.95 2.43 2.12 -66.5 -0.419 19.63 21.67 02a59665o0426c
59665.415112 -21.676  1.500    -8   12 c  0   1.09 190.74695  48.37041  8406.81   488.68 2.41 2.09 -67.1 -0.412 19.60 21.67 02a59665o0435c
59665.429505 -20.910  0.746   -16   12 c  0   0.98 190.74695  48.37041  8394.14   610.83 2.45 2.14 -69.1 -0.420 19.64 21.72 02a59665o0466c
59665.465893  20.164  0.394    31   12 o  0   1.20 190.74695  48.37041  1366.65  9148.24 2.70 2.41 -44.8 -0.509 19.42 20.85 01a59665o0529o
59665.469089  20.418  0.497    25   12 o  0   1.05 190.74695  48.37041  1389.30  9187.81 2.67 2.38 -44.9 -0.514 19.42 20.84 01a59665o0536o
59665.474562  22.050  2.206     6   12 o  0   1.63 190.74695  48.37041  1327.68  9110.09 2.71 2.39 -44.3 -0.510 19.41 20.82 01a59665o0548o
59665.486450  21.253  1.296    12   15 o  0   0.84 190.74695  48.37041  1314.24  9229.27 2.70 2.43 -48.9 -0.503 19.41 20.81 01a59665o0574o
59671.395313 -20.700  0.547   -19   10 c  0   1.18 190.74695  48.37041  6544.76  7169.88 3.02 2.56  39.6 -0.390 19.53 21.75 02a59671o0300c
59671.398110 -20.263  0.375   -28   11 c  0   0.99 190.74695  48.37041  6566.05  7209.51 2.93 2.57  38.1 -0.397 19.57 21.73 02a59671o0306c
59671.428121 -22.015  1.909    -6   11 c  0   0.91 190.74695  48.37041  6517.55  7138.18 2.93 2.49  36.3 -0.399 19.56 21.70 02a59671o0370c
59671.456246 -21.001  0.802   -14   12 c  0   0.81 190.74695  48.37041  4106.30  3340.37 2.85 2.47  37.1 -0.403 19.50 21.63 02a59671o0431c
59675.329396  19.755  5.714    46  260 c  0   0.82 190.74695  48.37041  2832.76   831.88 2.54 2.24  62.8 -0.417 15.86 17.63 02a59675o0250c
59675.377940 -20.834  2.250   -17   38 c  0   1.08 190.74695  48.37041  2791.88   915.12 2.44 2.25 -74.4 -0.450 18.00 20.01 02a59675o0355c
59677.387391  20.461  0.798    24   19 o  0   0.87 190.74695  48.37041  8725.08  5338.24 3.60 3.38 -47.7 -0.421 18.96 20.54 01a59677o0298o
59677.391143 -20.060  0.440   -34   15 o  0   1.08 190.74695  48.37041  8706.13  5297.92 3.41 3.18  39.3 -0.391 19.11 20.55 01a59677o0306o
59677.396662 -21.594  1.771    -8   15 o  0   1.34 190.74695  48.37041  8765.07  5376.81 3.23 3.13 -28.7 -0.440 19.08 20.54 01a59677o0318o
59677.404040 -22.739  5.231    -3   15 o  0   1.03 190.74695  48.37041  8781.56  5259.95 3.16 2.99 -44.0 -0.451 19.15 20.58 01a59677o0334o
59679.392946 -20.871  1.183   -16   19 c  0   1.03 190.74695  48.37041  2860.76   840.02 2.42 2.26 -86.4 -0.449 18.92 20.59 02a59679o0354c
59679.394775 -21.300  1.827   -11   20 c  0   0.88 190.74695  48.37041  2879.99   881.06 2.41 2.26 -82.9 -0.460 18.89 20.60 02a59679o0358c
59679.397537  20.984  1.263    15   18 c  0   1.08 190.74695  48.37041  2823.13   798.36 2.38 2.22  78.8 -0.444 18.95 20.61 02a59679o0364c
59679.402572 -21.237  1.488   -12   17 c  0   1.40 190.74695  48.37041  2806.34   915.87 2.40 2.25  83.2 -0.454 18.97 20.64 02a59679o0375c
59681.421176  23.864 25.200     1   26 o  0   1.32 190.74695  48.37041  7417.91  8727.48 2.98 2.91  29.4 -0.453 18.71 19.63 01a59681o0424o
59681.424368  23.743 21.833     1   25 o  0   1.16 190.74695  48.37041  7440.54  8765.74 2.87 2.81  31.9 -0.460 18.76 19.62 01a59681o0431o
59681.430335 -19.902  0.706   -40   28 o  0   0.90 190.74695  48.37041  7379.11  8691.11 2.84 2.78  22.3 -0.464 18.77 19.62 01a59681o0444o
59681.442187 -19.656  0.569   -50   28 o  0   0.86 190.74695  48.37041  7366.06  8810.00 2.89 2.78  20.3 -0.459 18.77 19.61 01a59681o0470o
59683.431558 -18.170  0.860  -196  168 o  0   2.47 190.74695  48.37041  3729.80  7291.47 3.03 2.31  30.8 -0.343 16.54 16.47 02a59683o0432o
59683.435687  18.905  0.881   100   88 o  0   2.64 190.74695  48.37041  3711.83  7252.42 2.86 2.12  29.4 -0.360 17.02 17.06 02a59683o0441o
59683.443012  17.921  0.789   246  194 o  0   1.77 190.74695  48.37041  3768.53  7328.13 2.72 2.17  28.7 -0.388 16.43 16.31 02a59683o0457o
59683.453162 -18.743  0.643  -116   74 o  0   0.62 190.74695  48.37041  3788.61  7211.46 2.62 2.22  25.9 -0.381 17.66 17.87 02a59683o0479o
59685.356463 -17.732  0.800  -293  235 o  0   0.96 190.74695  48.37041  3151.83  1820.51 2.90 2.85  52.6 -0.479 16.22 16.80 01a59685o0270o
59687.399271 -20.329  0.859   -27   23 o  0   1.02 190.74695  48.37041  3732.15  7293.33 2.29 1.83  26.7 -0.406 18.81 19.14 02a59687o0377o
59687.426684  21.096  1.644    13   22 o  0   1.27 190.74695  48.37041  3706.30  7252.19 2.34 1.84  27.8 -0.407 18.79 19.10 02a59687o0436o
59687.454963  20.533  0.889    22   20 o  0   2.08 190.74695  48.37041  3757.13  7328.11 2.32 1.88  28.7 -0.401 18.73 19.04 02a59687o0497o
59687.458186  20.812  1.182    17   20 o  0   1.28 190.74695  48.37041  3776.27  7210.65 2.34 1.91  29.9 -0.406 18.73 19.03 02a59687o0504o
59689.433873  20.184  0.675    31   21 o  0   1.08 190.74695  48.37041  2963.83  3030.23 2.76 2.65  37.1 -0.475 18.77 19.72 01a59689o0295o
59689.437092 -20.726  1.029   -19   19 o  0   1.22 190.74695  48.37041  2984.71  3069.48 2.79 2.68  41.3 -0.466 18.83 19.78 01a59689o0302o
59689.443478  20.542  1.112    22   24 o  0   0.89 190.74695  48.37041  2927.19  2993.84 2.93 2.86  24.1 -0.451 18.68 19.69 01a59689o0316o
59689.453966 -22.122  4.571    -5   24 o  0   1.08 190.74695  48.37041  2914.61  3111.23 3.31 3.24  41.2 -0.404 18.65 19.75 01a59689o0339o
59693.340396  19.958  0.964    38   36 o  0   1.21 190.74695  48.37041  7558.58  7555.97 2.75 2.74  78.5 -0.467 18.72 20.09 01a59693o0260o
59693.343215 -21.517  4.400    -9   40 o  0   1.04 190.74695  48.37041  7539.67  7516.75 2.77 2.72  54.1 -0.460 18.85 20.26 01a59693o0266o
59693.345949  18.862  0.487   104   50 o  0   1.19 190.74695  48.37041  7597.93  7592.81 2.95 2.72  42.2 -0.438 18.63 20.02 01a59693o0272o
59693.354683  22.314  4.167     4   18 o  0   0.99 190.74695  48.37041  7616.21  7476.21 2.84 2.70  44.4 -0.453 19.07 20.47 01a59693o0291o
59695.398316 -24.139 11.400    -1    9 c  0   1.70 190.74695  48.37041  6009.60  3810.48 2.89 2.35  33.5 -0.400 19.50 21.41 02a59695o0372c
59695.401972  21.741  1.396     7   10 c  0   1.09 190.74695  48.37041  5990.32  3770.24 2.51 2.27  32.6 -0.413 19.52 21.42 02a59695o0380c
59695.409317 -24.545 20.000    -1   11 c  0   0.92 190.74695  48.37041  6051.66  3849.31 2.56 2.25  33.6 -0.404 19.51 21.40 02a59695o0396c
59695.443591 -23.843 10.286    -1   11 c  0   0.99 190.74695  48.37041  6065.09  3730.86 2.65 2.31  32.6 -0.405 19.46 21.32 02a59695o0470c
59697.452516 -20.134  0.761   -32   24 o  0   0.93 190.74695  48.37041 10525.92  2762.92 2.86 2.67 -30.5 -0.481 18.24 19.63 01a59697o0232o
59697.459906  21.411  1.431    10   14 o  0   1.02 190.74695  48.37041  1076.33  3115.48 2.61 2.53 -53.0 -0.517 19.30 20.73 01a59697o0248o
59697.463132  20.954  0.946    15   14 o  0   1.52 190.74695  48.37041  1098.44  3155.24 2.51 2.50  36.8 -0.525 19.28 20.72 01a59697o0255o
59697.463593 -22.186  3.040    -5   15 o  0   1.19 190.74695  48.37041 10512.35  2884.46 2.88 2.59 -52.6 -0.500 19.28 20.64 01a59697o0256o
59697.470501  20.570  0.693    22   15 o  0   0.87 190.74695  48.37041  1040.97  3075.81 2.78 2.55 -53.8 -0.523 19.25 20.63 01a59697o0271o
59697.488031  22.165  3.080     5   15 o  0   1.18 190.74695  48.37041  1030.23  3192.24 2.70 2.50 -56.2 -0.534 19.12 20.36 01a59697o0309o
59699.377055 -20.631  0.527   -20   11 c  0   1.33 190.74695  48.37041   974.01  5829.50 2.43 2.28   7.7 -0.423 19.43 21.08 02a59699o0325c
59699.380256 -20.475  0.681   -23   16 c  0   1.11 190.74695  48.37041   955.67  5792.17 2.47 2.31   6.6 -0.424 19.15 20.73 02a59699o0332c
59699.386215 -19.526  0.516   -56   29 c  0   1.11 190.74695  48.37041  1012.44  5864.93 2.43 2.27  11.8 -0.429 18.40 19.86 02a59699o0345c
59699.396305 -20.860  2.900   -16   48 c  0   0.92 190.74695  48.37041  1031.78  5750.21 2.42 2.25   8.4 -0.430 17.91 19.26 02a59699o0367c
59709.346152 -20.836  0.768   -17   13 o  0   1.77 190.74695  48.37041  3737.57  5149.51 2.70 2.58 -36.4 -0.490 19.03 19.98 01a59709o0247o
59709.349836  20.961  1.114    15   17 o  0   1.02 190.74695  48.37041  3759.24  5188.67 2.69 2.59 -38.5 -0.485 19.04 19.99 01a59709o0255o
59709.355363  21.750  2.071     7   15 o  0   1.17 190.74695  48.37041  3702.18  5113.70 2.72 2.65 -14.7 -0.474 19.04 20.00 01a59709o0267o
59709.367793  20.652  0.931    20   18 o  0   1.01 190.74695  48.37041  3687.47  5229.66 2.71 2.59 -37.5 -0.488 19.04 20.02 01a59709o0294o
59711.334778 -25.895 208.000    -0   33 o  0   1.29 190.74695  48.37041  1188.91  1941.69 2.26 2.21 -70.9 -0.458 18.32 18.60 02a59711o0214o
59711.337977 -20.599  1.396   -21   29 o  0   0.82 190.74695  48.37041  1168.41  1902.96 2.25 2.04  31.0 -0.444 18.45 18.80 02a59711o0221o
59711.344381  19.805  0.787    44   34 o  0   1.63 190.74695  48.37041  1228.85  1978.08 2.32 2.10  36.6 -0.454 18.12 18.45 02a59711o0235o
59711.358107 -21.508  3.016    -9   27 o  0   0.99 190.74695  48.37041  1250.03  1860.72 2.22 2.18 -87.5 -0.467 18.40 18.80 02a59711o0265o
59713.374563  19.999  0.615    36   22 o  0   1.38 190.74695  48.37041  4531.52   770.94 2.70 2.63 -36.6 -0.494 18.71 19.39 01a59713o0319o
59713.377784  20.187  0.781    31   24 o  0   1.17 190.74695  48.37041  4552.63   810.29 2.67 2.63 -31.4 -0.482 18.72 19.38 01a59713o0326o
59713.383831 -23.042 10.417    -2   23 o  0   1.18 190.74695  48.37041  4496.23   733.67 2.79 2.76  24.4 -0.457 18.65 19.37 01a59713o0339o
59713.394459  22.041  4.448     6   25 o  0   1.22 190.74695  48.37041  4484.64   853.29 2.85 2.81  32.2 -0.453 18.59 19.34 01a59713o0362o
59715.392145  22.992 10.762     2   25 o  0   0.90 190.74695  48.37041  5595.60  7681.97 2.27 1.85  34.0 -0.438 18.70 18.93 02a59715o0352o
59715.395344  20.227  0.727    29   21 o  0   1.24 190.74695  48.37041  5577.41  7643.49 2.17 1.82  32.4 -0.449 18.72 18.94 02a59715o0359o
59715.401291  19.968  0.636    37   24 o  0   1.25 190.74695  48.37041  5634.01  7720.77 2.17 1.84  32.3 -0.453 18.72 18.93 02a59715o0372o
59715.412748 -20.411  1.023   -25   25 o  0   1.26 190.74695  48.37041  5652.38  7602.67 2.23 1.92  31.7 -0.440 18.68 18.90 02a59715o0397o
59717.329105 -21.031  1.400   -14   20 o  0   1.15 190.74695  48.37041  4521.94   765.10 3.59 3.55  77.2 -0.367 18.77 20.04 01a59717o0208o
59717.332329 -20.575  0.869   -21   19 o  0   1.29 190.74695  48.37041  4542.64   805.35 3.41 3.33 -48.0 -0.401 18.80 20.03 01a59717o0215o
59717.338323  21.137  2.235    13   28 o  0   0.80 190.74695  48.37041  4486.09   729.66 4.16 4.12 -39.9 -0.337 18.56 19.96 01a59717o0228o
59717.349383  20.810  1.447    17   25 o  0   0.98 190.74695  48.37041  4473.76   848.60 4.22 4.20  61.3 -0.294 18.45 19.91 01a59717o0252o
59719.363264  20.091  5.846    33  195 o  0   0.66 190.74695  48.37041  5660.05  7609.63 2.66 1.99  32.1 -0.420 16.36 17.41 02a59719o0123o
59721.341280 -22.076  3.000    -5   16 o  0   0.99 190.74695  48.37041 10488.27  6688.75 3.82 2.89  22.1 -0.347 19.18 20.78 01a59721o0238o
59721.346811  22.211  2.960     5   14 o  0   0.97 190.74695  48.37041 10510.99  6727.13 2.78 2.75  13.6 -0.457 19.37 20.81 01a59721o0250o
59721.350032 -24.511 22.333    -1   13 o  0   1.30 190.74695  48.37041 10449.70  6653.28 2.82 2.74  21.3 -0.455 19.40 20.82 01a59721o0257o
59721.355564 -21.493  1.429    -9   13 o  0   0.86 190.74695  48.37041   605.11  6989.06 2.47 2.36 -54.8 -0.477 19.42 20.86 01a59721o0269o
59721.361110  21.279  1.194    11   13 o  0   0.71 190.74695  48.37041   627.25  7028.46 2.79 2.37 -46.7 -0.483 19.43 20.85 01a59721o0281o
59721.362980 -21.872  2.706    -6   18 o  0   0.61 190.74695  48.37041 10436.05  6774.99 2.85 2.71 -66.5 -0.452 19.42 20.80 01a59721o0285o
59721.364820  20.819  0.717    17   12 o  0   1.43 190.74695  48.37041   566.75  6950.53 2.57 2.33 -50.6 -0.487 19.41 20.84 01a59721o0289o
59721.379114 -21.306  1.127   -11   12 o  0   1.58 190.74695  48.37041   553.00  7068.54 2.61 2.34 -47.6 -0.482 19.38 20.78 01a59721o0320o
59723.338572 -22.007  1.905    -6   11 c  0   0.75 190.74695  48.37041  2070.80  3565.22 2.45 2.29  22.5 -0.417 19.65 21.30 02a59723o0223c
59723.341779 -22.212  1.875    -5    9 c  0   1.26 190.74695  48.37041  2048.42  3527.36 2.67 2.29  27.5 -0.408 19.58 21.29 02a59723o0230c
59723.347304 -21.772  1.426    -7   10 c  0   0.65 190.74695  48.37041  2106.45  3602.56 2.75 2.31  27.0 -0.395 19.55 21.29 02a59723o0242c
59723.358809 -20.520  0.429   -22   10 c  0   1.00 190.74695  48.37041  2126.23  3484.16 2.60 2.32  27.7 -0.407 19.55 21.27 02a59723o0267c
59725.317007 -21.065  0.941   -14   13 o  0   0.83 190.74695  48.37041 10483.64  6680.53 2.92 2.85 -48.5 -0.448 19.42 20.99 01a59725o0186o
59725.320233  22.776  4.571     3   13 o  0   0.94 190.74695  48.37041 10506.67  6719.08 2.96 2.83 -64.8 -0.445 19.45 20.98 01a59725o0193o
59725.326224  20.982  0.971    15   14 o  0   0.86 190.74695  48.37041 10446.55  6648.45 2.99 2.94 -52.6 -0.440 19.38 20.98 01a59725o0206o
59725.329909  20.635  0.579    20   12 o  0   1.33 190.74695  48.37041   600.04  6981.24 2.87 2.59 -48.2 -0.446 19.39 21.01 01a59725o0214o
59725.333593  21.382  1.193    10   12 o  0   1.39 190.74695  48.37041   622.74  7022.11 2.89 2.59 -48.4 -0.452 19.39 20.98 01a59725o0222o
59725.337864 -22.150  2.760    -5   14 o  0   0.85 190.74695  48.37041 10430.55  6766.66 2.95 2.87 -73.4 -0.443 19.39 20.90 01a59725o0231o
59725.342928  23.297  6.818     2   12 o  0   1.19 190.74695  48.37041   564.88  6944.75 2.63 2.53 -62.7 -0.456 19.36 20.91 01a59725o0242o
59725.355836  22.506  3.857     4   14 o  0   0.95 190.74695  48.37041   549.27  7061.50 2.78 2.60 -52.6 -0.447 19.30 20.79 01a59725o0270o
59727.318926 -19.375  0.353   -65   23 c  0   1.25 190.74695  48.37041  2077.95  3570.50 2.49 2.33  25.9 -0.412 18.47 19.95 02a59727o0179c
59727.322126  19.933  0.536    39   21 c  0   0.88 190.74695  48.37041  2059.24  3532.48 2.45 2.29  27.0 -0.410 18.81 20.35 02a59727o0186c
59727.328537 -21.244  2.633   -12   30 c  0   1.08 190.74695  48.37041  2117.41  3608.81 2.49 2.34  25.3 -0.414 18.33 19.77 02a59727o0200c
59727.341337 -21.330  1.396   -11   15 c  0   0.94 190.74695  48.37041  2136.21  3489.71 2.48 2.29  29.4 -0.414 19.15 20.72 02a59727o0228c
59729.352509 -21.844  2.167    -7   14 o  0   1.01 190.74695  48.37041  5417.27  8901.80 3.04 2.73  40.2 -0.420 19.14 20.53 01a59729o0248o
59729.357708 -21.557  1.750    -9   15 o  0   1.01 190.74695  48.37041  5438.75  8941.11 3.04 2.72  41.8 -0.423 19.10 20.44 01a59729o0258o
59729.360933  23.247  6.556     2   12 o  0   1.87 190.74695  48.37041  5376.78  8865.18 2.84 2.65  38.3 -0.448 19.22 20.54 01a59729o0265o
59729.370958  21.172  1.164    12   14 o  0   1.11 190.74695  48.37041  5361.15  8983.10 3.04 2.72  42.2 -0.421 19.22 20.57 01a59729o0285o
59731.359571  21.884  1.500     6   10 c  0   1.09 190.74695  48.37041  1824.68  7448.80 2.43 2.33  -3.4 -0.412 19.64 21.46 02a59731o0099c
59731.363232 -21.596  1.321    -8   11 c  0   0.97 190.74695  48.37041  1806.22  7408.96 2.50 2.42  -2.2 -0.411 19.59 21.45 02a59731o0107c
59731.369181 -21.251  0.922   -12   11 c  0   0.80 190.74695  48.37041  1861.91  7484.91 2.57 2.39  22.8 -0.398 19.59 21.43 02a59731o0120c
59731.379277 -20.269  0.378   -28   11 c  0   1.01 190.74695  48.37041  1881.49  7365.45 2.57 2.44  18.1 -0.405 19.53 21.40 02a59731o0142c
59733.303412  19.834  0.252    42   11 o  0   1.34 190.74695  48.37041  5409.58  8900.60 2.64 2.58  18.6 -0.471 19.43 20.81 01a59733o0151o
59733.307121  20.490  0.565    23   13 o  0   0.94 190.74695  48.37041  5431.62  8939.47 2.80 2.63  40.5 -0.446 19.41 20.84 01a59733o0159o
59733.312694  19.602  0.232    52   12 o  0   1.38 190.74695  48.37041  5371.61  8864.09 2.83 2.64  36.7 -0.446 19.47 20.87 01a59733o0171o
59733.324218  20.209  0.382    30   11 o  0   1.24 190.74695  48.37041  5357.34  8983.16 2.65 2.59  -3.1 -0.472 19.50 20.93 01a59733o0196o
59735.293976  19.007  0.136    91   12 o  0   0.92 190.74695  48.37041  1837.04  7451.70 1.97 1.88 -21.9 -0.449 19.50 20.44 02a59735o0124o
59735.298107  19.241  0.143    73   10 o  0   2.16 190.74695  48.37041  1817.06  7413.46 1.98 1.87 -23.7 -0.443 19.47 20.42 02a59735o0133o
59735.303594  19.130  0.163    81   13 o  0   0.91 190.74695  48.37041  1873.45  7487.49 2.01 1.90  -3.3 -0.449 19.46 20.44 02a59735o0145o
59735.316439  19.058  0.121    86   10 o  0   1.34 190.74695  48.37041  1892.45  7370.11 2.06 1.88  -0.5 -0.430 19.47 20.42 02a59735o0173o
59737.333743  18.842  0.153   105   16 o  0   1.08 190.74695  48.37041  3406.77  9038.13 2.62 2.54 -39.1 -0.478 19.23 20.31 01a59737o0213o
59737.336516  19.160  0.212    79   17 o  0   0.89 190.74695  48.37041  3429.03  9078.56 2.65 2.63 -68.4 -0.461 19.20 20.31 01a59737o0219o
59737.341724  19.018  0.161    90   14 o  0   1.39 190.74695  48.37041  3367.39  9001.93 2.63 2.54 -41.8 -0.475 19.22 20.33 01a59737o0230o
59737.356006  19.096  0.169    84   14 o  0   1.19 190.74695  48.37041  3351.73  9119.90 2.63 2.56 -38.9 -0.480 19.20 20.35 01a59737o0261o
59739.333249  18.550  0.107   138   15 o  0   1.06 190.74695  48.37041  7976.11  3750.60 2.13 1.92  30.8 -0.433 19.25 19.92 02a59739o0207o
59739.336453  18.696  0.129   121   16 o  0   1.03 190.74695  48.37041  7956.48  3710.83 2.16 1.91  34.2 -0.429 19.21 19.91 02a59739o0214o
59739.343363  18.570  0.121   136   16 o  0   1.11 190.74695  48.37041  8017.06  3791.07 2.18 1.90  33.6 -0.436 19.21 19.90 02a59739o0229o
59739.353480  18.454  0.111   151   17 o  0   0.81 190.74695  48.37041  8037.84  3673.01 2.41 1.92  29.2 -0.423 19.17 19.88 02a59739o0251o
59741.296670  18.259  0.116   180   21 o  0   0.96 190.74695  48.37041  3402.15  9034.58 2.72 2.69 -33.1 -0.457 18.90 19.81 01a59741o0132o
59741.299893  18.573  0.163   135   22 o  0   0.88 190.74695  48.37041  3423.42  9073.42 2.66 2.65  77.3 -0.466 18.96 19.81 01a59741o0139o
59741.305418  18.675  0.178   123   22 o  0   1.17 190.74695  48.37041  3362.36  8996.85 2.91 2.66  47.7 -0.436 18.91 19.79 01a59741o0151o
59741.316530  18.438  0.138   153   21 o  0   1.00 190.74695  48.37041  3344.98  9113.78 2.66 2.63  -8.0 -0.471 18.93 19.77 01a59741o0175o
59745.298462  18.585  0.155   134   21 o  0   0.97 190.74695  48.37041  7609.06  4837.69 2.73 2.69 -13.3 -0.480 18.81 19.58 01a59745o0130o
59745.301685  18.509  0.175   143   25 o  0   0.82 190.74695  48.37041  7631.73  4875.86 2.80 2.73  11.3 -0.468 18.79 19.57 01a59745o0137o
59745.307698  19.131  0.275    81   22 o  0   1.19 190.74695  48.37041  7573.63  4802.39 3.03 2.84  29.5 -0.430 18.73 19.54 01a59745o0150o
59745.320181  18.719  0.213   118   25 o  0   1.08 190.74695  48.37041  7561.00  4919.77 2.92 2.80 -49.2 -0.469 18.71 19.51 01a59745o0177o
59749.291526  18.893  0.121   101   12 o  0   1.14 190.74695  48.37041  7605.11  4837.24 2.99 2.75  29.9 -0.434 19.39 21.01 01a59749o0020o
59749.297085  18.737  0.144   116   17 o  0   1.05 190.74695  48.37041  7628.41  4874.86 2.97 2.86  29.6 -0.426 19.11 20.62 01a59749o0032o
59749.300769  18.537  0.181   140   25 o  0   1.61 190.74695  48.37041  7571.68  4802.92 2.71 2.65 -34.8 -0.473 18.50 19.69 01a59749o0040o
59749.311375  19.113  0.246    82   20 o  0   1.55 190.74695  48.37041  7559.92  4920.39 2.74 2.73   4.0 -0.461 18.83 20.17 01a59749o0063o
59751.284074  18.733  0.109   117   13 c  0   1.18 190.74695  48.37041  4017.32  9935.06 2.43 2.27 -59.1 -0.420 19.72 21.46 02a59751o0089c
59751.287285  18.855  0.131   104   14 c  0   0.83 190.74695  48.37041  3999.62  9895.57 2.38 2.32 -57.0 -0.415 19.67 21.46 02a59751o0096c
59751.292788  18.750  0.106   115   12 c  0   1.04 190.74695  48.37041  4054.53  9972.87 2.42 2.33 -66.8 -0.416 19.65 21.45 02a59751o0108c
59751.306558  18.913  0.125    99   12 c  0   1.02 190.74695  48.37041  4073.25  9853.67 2.37 2.30 -45.5 -0.416 19.69 21.42 02a59751o0138c
59753.303798  18.735  0.153   116   18 o  0   1.15 190.74695  48.37041  8260.92   421.07 2.79 2.56 -49.6 -0.522 19.29 20.72 01a59753o0142o
59753.307023  18.502  0.098   144   14 o  0   1.34 190.74695  48.37041  8282.12   460.28 2.78 2.67 -23.0 -0.488 19.22 20.69 01a59753o0149o
59753.312594  18.715  0.141   119   17 o  0   1.02 190.74695  48.37041  8226.34   386.40 2.81 2.66 -40.3 -0.504 19.13 20.59 01a59753o0161o
59753.325987  18.728  0.124   117   14 o  0   1.31 190.74695  48.37041  8213.99   508.95 2.79 2.62 -44.0 -0.511 19.31 20.80 01a59753o0190o
59755.292436  18.985  0.133    92   12 c  0   1.11 190.74695  48.37041   255.64 10256.62 2.94 2.00 -55.0 -0.393 19.58 21.33 02a59755o0105c
59755.297918  18.841  0.134   106   14 c  0   0.93 190.74695  48.37041   237.07 10219.81 2.86 1.93 -55.2 -0.400 19.61 21.33 02a59755o0117c
59755.301577  18.878  0.124   102   13 c  0   1.15 190.74695  48.37041   291.38 10293.82 2.87 1.97 -56.6 -0.405 19.59 21.33 02a59755o0125c
59755.307113  19.002  0.121    91   11 c  0   1.19 190.74695  48.37041  9593.36 10238.99 3.03 2.67 -56.9 -0.379 19.64 21.39 02a59755o0137c
59755.310318  19.056  0.130    87   11 c  0   1.33 190.74695  48.37041  9572.58 10196.57 3.12 2.62 -57.7 -0.380 19.63 21.39 02a59755o0144c
59755.313516  18.890  0.127   101   13 c  0   0.92 190.74695  48.37041   311.17 10170.15 2.76 1.92 -56.2 -0.450 19.59 21.30 02a59755o0151c
59755.317180  19.037  0.145    88   13 c  0   1.11 190.74695  48.37041  9628.88 10278.96 2.97 2.71 -55.0 -0.379 19.46 21.16 02a59755o0159c
59757.267964  18.711  0.113   119   13 o  0   1.22 190.74695  48.37041  8245.53   415.13 3.08 2.94 -46.2 -0.470 19.27 20.79 01a59757o0062o
59757.271276  18.598  0.106   132   14 o  0   1.57 190.74695  48.37041  8264.44   452.66 3.42 3.25 -50.0 -0.444 19.18 20.84 01a59757o0069o
59757.277266  18.950  0.150    96   14 o  0   0.98 190.74695  48.37041  8210.20   379.51 3.55 3.29 -46.2 -0.416 19.18 20.89 01a59757o0082o
59757.289708  18.683  0.106   122   13 o  0   1.37 190.74695  48.37041  8196.68   500.83 3.65 3.45 -39.1 -0.387 19.15 20.97 01a59757o0109o
59761.300996  18.766  0.163   113   18 o  0   1.02 190.74695  48.37041  6571.97  7154.59 4.25 4.08 -33.3 -0.393 18.85 20.80 01a59761o0004o
59761.306930  18.574  0.147   135   20 o  0   0.92 190.74695  48.37041  6512.88  7080.07 4.16 3.93 -43.9 -0.450 18.87 20.76 01a59761o0017o
59761.316496  18.830  0.171   107   18 o  0   0.89 190.74695  48.37041  6497.84  7197.62 3.79 3.65 -41.2 -0.409 19.02 20.77 01a59761o0038o
59765.253332  19.303  0.408    69   28 o  0   1.22 190.74695  48.37041  6535.41  7109.24 2.72 2.70 -26.9 -0.473 18.68 19.38 01a59765o0031o
59765.256541  18.551  0.124   138   17 o  0   1.35 190.74695  48.37041  6560.63  7146.78 2.75 2.68 -40.9 -0.476 19.02 20.05 01a59765o0038o
59765.262024  18.814  0.133   108   14 o  0   1.31 190.74695  48.37041  6501.79  7071.98 2.71 2.69  40.0 -0.465 19.24 20.45 01a59765o0050o
59765.272531  18.505  0.113   144   16 o  0   1.00 190.74695  48.37041  6488.66  7190.36 2.96 2.76  36.3 -0.437 19.21 20.49 01a59765o0073o
59767.256736  18.793  0.162   110   18 o  0   1.74 190.74695  48.37041  4852.87  5557.41 2.23 1.74  30.9 -0.439 18.86 19.18 02a59767o0005o
59767.259904  18.721  0.122   118   14 o  0   1.44 190.74695  48.37041  4832.78  5516.52 2.28 1.83  30.8 -0.434 19.16 19.78 02a59767o0012o
59767.265343  18.880  0.247   102   25 o  0   1.00 190.74695  48.37041  4889.09  5591.64 2.27 1.80  29.8 -0.437 19.23 20.00 02a59767o0024o
59767.276242  19.000  0.173    91   16 o  0   0.78 190.74695  48.37041  4907.86  5474.02 2.28 1.84  30.1 -0.437 19.30 20.09 02a59767o0048o
59769.284874  18.305  0.245   173   42 o  0   1.34 190.74695  48.37041  2686.99   883.08 2.51 2.47  57.0 -0.522 18.25 18.77 01a59769o0099o
59769.288067  19.348  0.551    66   36 o  0   1.83 190.74695  48.37041  2708.84   922.79 2.46 2.45 -82.2 -0.540 18.11 18.61 01a59769o0106o
59769.294025  18.722  0.277   118   33 o  0   1.12 190.74695  48.37041  2652.81   844.86 2.53 2.45  45.8 -0.509 18.31 18.93 01a59769o0119o
59769.304054  18.328  0.302   169   51 o  0   1.24 190.74695  48.37041  2642.86   963.95 2.50 2.45 -71.4 -0.556 17.89 18.28 01a59769o0141o
59771.290088  19.089  0.400    84   34 o  0   1.31 190.74695  48.37041  9262.95  1554.70 2.15 1.92 -62.8 -0.482 18.19 18.42 02a59771o0100o
59771.293312  19.153  0.456    79   36 o  0   1.62 190.74695  48.37041  9244.89  1518.95 2.17 1.96 -61.7 -0.479 18.15 18.38 02a59771o0107o
59771.298761  18.792  0.545   110   60 o  0   1.00 190.74695  48.37041  9305.66  1597.95 2.25 1.96 -59.9 -0.464 17.68 17.77 02a59771o0119o
59771.312123  20.587  3.456    21   73 o  0   0.65 190.74695  48.37041  9324.60  1476.89 2.25 1.95 -59.7 -0.477 17.54 17.65 02a59771o0148o
59773.251725  18.558  0.259   137   36 o  0   0.86 190.74695  48.37041  2678.62   885.28 2.83 2.66 -44.3 -0.507 18.46 18.97 01a59773o0024o
59773.254913  18.955  0.300    95   28 o  0   1.13 190.74695  48.37041  2702.87   923.94 2.65 2.51 -44.5 -0.541 18.61 19.18 01a59773o0031o
59773.260380  18.700  0.258   120   31 o  0   0.95 190.74695  48.37041  2647.50   844.42 2.72 2.51 -44.2 -0.539 18.69 19.32 01a59773o0043o
59773.273602  18.731  0.233   117   27 o  0   1.19 190.74695  48.37041  2638.01   960.77 2.71 2.52 -51.0 -0.545 18.67 19.31 01a59773o0072o
59783.253889  20.557  1.159    22   25 c  0   1.08 190.74695  48.37041  8716.08  5425.02 2.50 2.33  28.7 -0.411 18.76 19.77 02a59783o0027c
59783.259345  19.885  0.360    40   14 c  0   1.19 190.74695  48.37041  8695.62  5383.54 2.56 2.41  28.5 -0.404 19.28 20.58 02a59783o0039c
59783.263897  19.990  0.361    37   13 c  0   0.92 190.74695  48.37041  8751.13  5460.94 2.65 2.46  25.5 -0.402 19.38 20.89 02a59783o0049c
59783.277559  19.623  0.218    51   11 c  0   1.11 190.74695  48.37041  8770.82  5345.08 2.56 2.39  27.9 -0.405 19.51 21.04 02a59783o0079c
59787.256925  19.054  0.170    87   15 c  0   1.05 190.74695  48.37041  3212.39  1779.51 2.84 2.73  82.0 -0.387 18.99 20.42 02a59787o0037c
59787.260092  20.311  0.415    27   11 c  0   1.10 190.74695  48.37041  3193.13  1740.52 2.58 2.47  84.1 -0.406 19.33 20.76 02a59787o0044c
59787.266438  19.304  0.159    69   11 c  0   1.08 190.74695  48.37041  3253.10  1817.72 2.68 2.57  82.3 -0.398 19.36 20.97 02a59787o0058c
59787.280042  19.455  0.230    60   14 c  0   1.06 190.74695  48.37041  3272.30  1701.92 2.97 2.84  81.9 -0.395 19.24 20.99 02a59787o0088c
